 NFS_result = 0.8658, 
 NFS_action = [237  15  11 225  68 132 139 181 155  56 124  36 129 224 148 232 138 133
 124 165 235 163 203 181  74  53  75  80   0 179 102   4 147  97 244 164
 109 165  88 218 222 176  35 232   6 195  71 233 149 187   2 235  60 153
 119 187   9  27 154 211  45 179  75 170 234  20 220 125  15  29  80 169
 163 232 220  60 108  94 203 140 197  89 100  72   2 192 240  68  50 206
 149  20  33 192  38 190 213 132 148 120  27 118 206  19 131 209 241 238
 144  69  50 111  99  52  50 185 188  37 190 193  17 197 181 147  17  58
 185 142 107  54 143  86  14  25 248 187  37 186  90 221 230 200 120 143
  39  22  32  38  45 214   4 109 196  52 236  11   9 115 100 245  63 114
 175  14  43   2  82 141 209  11 225  28  54 158  33 205 125 153  24  46
  44 102  82   4 114 131 155 172 119 200 137 240 115 131 222 148 179 235
 132  75 201 189   4 147 217 234 216 223   8  94  62 173 191 183  89  86
 130  55 192 247  39 114  84  65 160 149   8 232  14   2 242 180 191 170
 165   8   7  79  48  30  88 187  42 131 102 198  97 188 159  72], 
 random_result = 0.8333, 
 random_action = [230, 3, 102, 84, 130, 163, 218, 211, 159, 163, 143, 26, 9, 73, 202, 14, 194, 168, 186, 238, 208, 63, 58, 9, 172, 113, 218, 207, 141, 91, 66, 42, 110, 39, 162, 220, 83, 71, 155, 21, 66, 56, 52, 130, 48, 184, 119, 146, 0, 228, 181, 19, 214, 25, 204, 106, 192, 164, 236, 207, 137, 235, 16, 55, 247, 44, 120, 136, 182, 199, 248, 64, 70, 155, 63, 191, 99, 153, 186, 216, 176, 35, 227, 22, 87, 192, 85, 66, 28, 69, 212, 227, 107, 41, 125, 191, 6, 21, 189, 123, 1, 229, 156, 137, 26, 122, 81, 228, 169, 228, 12, 19, 37, 189, 13, 150, 221, 192, 248, 45, 68, 160, 136, 43, 143, 225, 33, 31, 164, 188, 123, 206, 6, 134, 56, 33, 16, 98, 105, 109, 29, 155, 17, 133, 2, 23, 46, 159, 132, 243, 113, 220, 117, 15, 169, 121, 177, 234, 171, 101, 74, 133, 111, 90, 240, 94, 29, 190, 85, 240, 158, 135, 19, 160, 175, 65, 43, 240, 50, 33, 107, 159, 93, 111, 72, 10, 62, 20, 76, 165, 204, 172, 106, 199, 72, 89, 57, 215, 161, 39, 120, 22, 41, 202, 242, 145, 14, 208, 2, 109, 43, 76, 81, 36, 91, 158, 212, 5, 13, 247, 143, 76, 139, 0, 116, 159, 93, 241, 202, 181, 42, 47, 96, 55, 195, 119, 207, 2, 135, 40, 232, 23, 78, 153, 116, 84, 124, 20, 47, 59]