 NFS_result = 0.8661, 
 NFS_action = [  0  34  56 222  99   0 173 193 183 106 112   0  75  55 209 115  62 126
  32 147  24  13 176 148 237   0 223 210 174 231 160  40 243 153 249   0
 183 144  96  88   0 149  57  25   4  99 101 168 156 199   0   0 211 110
 102 142  95 168 221 234  37  41  54  25   6   9 123 129 207 205  69 226
  40  28  84 103 199 132 239 111   0 103 112 175 121 167 156 179 228 245
   0  26 174 100 246   0  81 161 202  63 235 121 195  47 213 100 180  42
  71 119   0 118  58  37 139 155 103  41 181  87 214  99 182  41 118  87
 162  91 222 183  81 116 240 200 211 133  52 233 200  11 156 213  60 173
 242   0  86  50  48  18 147  93 218   9 148 115 200  44  63  78  25  37
 235  16 220   0 194  88 150 181 208 174 242 194 240  64  16 164   1  14
   0 224 222 224  70 106  86 191  11 120 143 203 234 214 197 139 195 197
 122  18  90 115 103  73 232 193 186  91 210 130  88  61  74 151 149 229
  63  86  81  71  62  31 146  77  67   0  55 223 185  23  60 150  47 151
  88 109  54  22 179 153  60  11  21  19 136   0  40 206 190 137], 
 random_result = 0.8513, 
 random_action = [160, 205, 27, 27, 142, 126, 109, 105, 51, 40, 185, 45, 136, 17, 141, 225, 37, 188, 161, 99, 74, 22, 18, 100, 14, 63, 184, 227, 9, 138, 60, 189, 95, 17, 247, 26, 143, 64, 75, 194, 230, 186, 55, 24, 210, 193, 126, 68, 46, 99, 236, 115, 209, 9, 185, 96, 47, 101, 142, 232, 142, 78, 106, 138, 193, 21, 107, 16, 142, 150, 86, 65, 174, 17, 235, 182, 86, 208, 177, 139, 1, 28, 130, 109, 206, 185, 207, 11, 71, 174, 181, 124, 220, 139, 117, 129, 240, 228, 237, 22, 163, 169, 209, 93, 61, 182, 240, 28, 187, 118, 11, 204, 16, 199, 122, 27, 230, 74, 9, 237, 100, 104, 30, 27, 235, 190, 19, 235, 106, 189, 221, 237, 227, 46, 121, 54, 85, 237, 106, 164, 228, 84, 235, 157, 240, 130, 208, 70, 11, 19, 121, 46, 93, 166, 136, 36, 6, 43, 49, 74, 59, 23, 50, 125, 33, 21, 28, 63, 53, 232, 217, 81, 86, 175, 123, 29, 243, 114, 109, 150, 126, 26, 233, 28, 210, 145, 21, 234, 19, 157, 216, 121, 196, 144, 158, 0, 226, 13, 116, 152, 180, 239, 136, 197, 67, 109, 200, 91, 5, 160, 46, 26, 243, 214, 155, 70, 187, 171, 3, 136, 41, 174, 204, 173, 227, 72, 32, 184, 178, 144, 174, 195, 146, 204, 27, 199, 231, 82, 246, 48, 186, 55, 201, 49, 64, 32, 208, 147, 101, 218]