 NFS_result = 0.8623, 
 NFS_action = [ 69   7  93 221  53   7  77 219 201 197  51  72  12  77 178  50 105  11
 111  40 185  31  48 210 165  15 113 162 225  62  67  31 151 190 236 121
 237 133 188 101 249  81 168 200 236 123 109 176  68  27  57 123 173  80
 248 111 189  44 193  51 115 120 123 152 216  28 247 102  58 239  95  13
  78 175 170 113 160 214  85 140 164   7  17 220 107 190  67  19 234 154
  53 230 158 192 225  39 187 249 108 232  26 182  93 151 233 137 137 241
  24 235 239  29 142  73  28  51  42  34 133 144  88 209 238 169  82   4
  82  25 235 197  84  72 179 221  54 219   5  63 176 187 149  36 193 248
 231  77 221 149 100  49  84  93  56 234 199 200  78  81 112  64  76 115
   2  30  72  70  55  41  93 111 192  42  65 143  33 187  23 100 120 219
  55 126 188 219 139 128 224 241 153 247 134 198 181  10  90  52  46 222
  13  33 167   8 147 215 239  43  76  93 130 179  21  85 158 239 169 170
  65 232 125 196  57  28  24 228 244 246  51 166  61 154  33  68  72 171
 225 175  63 128 162  29 195 125  88 141 120 192 186 181  97 154], 
 random_result = 0.8404, 
 random_action = [75, 236, 39, 154, 97, 120, 54, 114, 206, 168, 132, 82, 227, 224, 87, 59, 71, 40, 215, 15, 26, 99, 133, 140, 217, 10, 143, 244, 142, 156, 195, 75, 177, 139, 235, 58, 88, 63, 103, 157, 97, 44, 39, 217, 152, 201, 34, 111, 108, 7, 22, 41, 193, 61, 40, 167, 240, 227, 166, 163, 186, 243, 3, 113, 25, 54, 109, 145, 205, 166, 171, 24, 172, 177, 120, 213, 125, 221, 56, 40, 63, 239, 0, 158, 85, 33, 146, 164, 197, 96, 221, 59, 186, 11, 127, 103, 34, 144, 41, 73, 119, 145, 92, 239, 89, 41, 246, 125, 40, 171, 231, 82, 228, 122, 145, 60, 244, 34, 131, 92, 199, 139, 244, 132, 60, 232, 211, 51, 219, 173, 54, 64, 25, 82, 200, 32, 70, 175, 73, 221, 47, 101, 166, 155, 237, 176, 147, 46, 105, 82, 151, 66, 211, 234, 116, 207, 147, 150, 63, 12, 35, 196, 119, 137, 23, 201, 163, 161, 161, 62, 231, 243, 69, 156, 127, 157, 209, 27, 26, 192, 242, 154, 23, 205, 214, 17, 113, 100, 156, 35, 1, 158, 157, 28, 57, 58, 131, 203, 154, 15, 43, 18, 208, 124, 204, 110, 74, 164, 177, 244, 178, 152, 65, 5, 48, 121, 168, 128, 74, 181, 35, 102, 52, 6, 153, 186, 194, 65, 87, 227, 147, 133, 73, 127, 208, 73, 209, 221, 219, 47, 226, 51, 241, 18, 2, 100, 72, 131, 104, 88]