 NFS_result = 0.8734, 
 NFS_action = [  0 154 101  46 105   0  55  76 121  13 111   0 134 141  91 136   0   7
 117 240 235  92 183 158 167   0   0 131  81 186  50  97 175 103 149   0
  86 203 125  21   0 136  30  14 109  31 168 214  20 248   0   0 103  80
  62 205  74  72 136  90 106 103 163 216  24 239 121  96 163 110 133 175
   0   8 104   0 150 129 137 190   0 237   9 114  18 180 193 114 222 202
   0  26  21  76 123   0 230 196  27 184 116 235 112  14  49 127 185 100
  68  78   0   0  55 105 152 235 120 130 185 142 233  67 187 123  37   0
  97  46 102  53  80  39 152 201 139  21  44 134 232 184   0 156  79   5
 206   0  63 166 207  94  42  61 113  38 161  11 130  15 100 130  97  96
  38  96 131   0 217  98 128  43 149  52  38  94 105  24 113  43  12  84
   0 232  88 222 200  64  41  35 183  96 108  92  39 128   4   6  37 183
 103 217  43  87 226 152 242   0   6  80  74  23   0  80 208 135  55  14
 187 168 206 241 212  54  78 180  17   0  42 226  40  55  75  86  19 141
 187  11  34 219  70 192  96 167 202 181 167   0  79 203 239  88], 
 random_result = 0.8331, 
 random_action = [139, 82, 28, 67, 11, 25, 153, 161, 21, 111, 156, 151, 70, 208, 20, 175, 30, 198, 97, 202, 50, 102, 48, 8, 87, 93, 174, 68, 150, 230, 144, 94, 134, 183, 163, 156, 145, 181, 57, 103, 135, 44, 18, 108, 142, 210, 113, 214, 167, 63, 63, 186, 234, 217, 71, 123, 147, 146, 11, 24, 28, 37, 110, 181, 111, 232, 47, 152, 35, 13, 3, 120, 212, 119, 141, 71, 100, 166, 122, 176, 197, 238, 91, 91, 83, 107, 9, 3, 93, 88, 44, 245, 93, 5, 9, 99, 221, 96, 0, 234, 134, 228, 148, 239, 127, 63, 234, 38, 71, 34, 227, 228, 99, 17, 175, 147, 179, 15, 246, 4, 35, 202, 6, 194, 75, 42, 215, 152, 127, 12, 41, 122, 218, 4, 212, 233, 133, 145, 198, 11, 247, 128, 240, 200, 157, 181, 50, 207, 156, 239, 44, 149, 38, 190, 247, 140, 227, 103, 135, 73, 30, 105, 74, 235, 241, 100, 195, 139, 110, 11, 204, 152, 7, 186, 65, 234, 11, 248, 77, 143, 221, 80, 6, 32, 220, 245, 20, 188, 168, 117, 94, 248, 15, 225, 171, 44, 180, 57, 186, 43, 108, 95, 205, 67, 130, 213, 27, 233, 112, 103, 60, 230, 32, 198, 107, 247, 24, 186, 24, 125, 32, 96, 5, 245, 71, 15, 79, 28, 209, 203, 61, 79, 34, 172, 152, 6, 44, 22, 106, 233, 190, 201, 152, 226, 211, 82, 161, 46, 193, 15]