 NFS_result = 0.8625, 
 NFS_action = [101  39 240  58 190 137 134  74 139 175 157 157 229 157 214   6 205  16
  31  23  41  48 119  72 158   3 109 107 225 185 245 206  26 157 179  79
 177  81 177 228  58  38   1 198 125  11  70  56 102 210 210  75  94 162
 162 163 239  45  40 146  58 120 215 111  45  94 234 146  84  61  78 147
 181 180  69 150  97  84 173 201 106  65 160  80   9 164  50  75 191 124
 125 159 114  45 191 232 166 208 122 144 211 168  42 228 127 150  43 234
 200  46 174  95 231 232 245 190 122  22  33 136 229 216  34 130 240 239
 113 147  99  41 194  72 113 185 161 206  49 109 103 197 125  18  26 233
 159 136 116   0  16  72  54 220 241 122  44 136 127 118  10  65 136  12
  88  73 180 227  15 174  27 202  52  14 188 139 142  29  58  59 220  74
  50 182 180 211 109  22 209 172 166 192 183 226  35  96  97 115 216  68
 192  78 161 145 240 183  27 205  38 127 198 159 190 146 239  83  70 210
 198 102 128 114  47 123 194 200  85 240  81  14  72  15  12 218 132 154
 202  83  78  65 108  18 246  90  21 243 164  55 182  73 112 197], 
 random_result = 0.8408, 
 random_action = [231, 24, 134, 246, 100, 169, 215, 94, 203, 53, 222, 4, 178, 32, 112, 71, 95, 93, 149, 217, 72, 153, 113, 183, 120, 234, 175, 112, 84, 158, 206, 55, 133, 42, 222, 245, 64, 179, 130, 183, 166, 83, 24, 235, 95, 15, 238, 187, 4, 226, 212, 234, 2, 95, 60, 202, 4, 225, 64, 95, 58, 114, 63, 57, 133, 1, 25, 117, 156, 214, 126, 230, 148, 245, 232, 35, 137, 142, 85, 196, 78, 190, 135, 29, 137, 91, 45, 146, 82, 35, 60, 169, 42, 246, 199, 103, 58, 29, 28, 169, 133, 246, 122, 3, 109, 175, 173, 184, 15, 25, 191, 213, 183, 64, 51, 64, 169, 52, 128, 36, 71, 236, 35, 241, 144, 187, 158, 215, 144, 72, 150, 187, 158, 22, 171, 122, 227, 110, 249, 155, 217, 213, 2, 198, 179, 219, 60, 121, 38, 201, 113, 223, 56, 221, 233, 239, 86, 200, 42, 227, 75, 85, 106, 71, 98, 152, 240, 33, 19, 224, 92, 18, 145, 187, 137, 132, 181, 152, 151, 97, 117, 129, 44, 81, 208, 212, 78, 77, 226, 85, 18, 46, 194, 41, 123, 199, 72, 189, 54, 232, 179, 127, 173, 133, 195, 38, 65, 212, 163, 4, 228, 52, 68, 236, 124, 173, 143, 49, 19, 125, 118, 87, 46, 200, 123, 73, 131, 209, 229, 153, 197, 46, 206, 25, 2, 228, 208, 66, 46, 42, 190, 225, 96, 236, 110, 214, 128, 233, 248, 171]