 NFS_result = 0.8734, 
 NFS_action = [  0   0 114 141 203   0 116  55 188  98  98   0   0   5  78  90   0 104
   8  61 168   0   3 148  10   0 172 112 173 112  30  46 113  15  84   0
 193 161  82 157   0 230  77 114 194 123 235 161  70  16   0   0   0 171
 113 248  15  76 170  44   3 117 132 236 139  12  18 167  92 228 162 116
 232 147 111   0  88 203   5   5   0 222  11 248 217 210 236 148  87 172
   0 225  63  95 151   0 239  62  10 170   0 237 183   1  29 212 139   0
  14   6   0 161  14 137 208 202 180  51  50 151 120  78  69 104 183   0
  82   5   2 241 228 194 156 135  39  89 181  14 176 129   0 179  14 149
  98   0  18 114 168 127  37  89 156  26 224   0  77  29 199 107 100 191
 182 215 201   0  59  64 163 216  68 165  22 173  24 153 165  72 193  20
   0  27  64  86 162 120 212 170 165 181   0  43 124   6  54  55 232  43
 125  35  23 196 162  11 119   0 171  64 111   5   0  45  94 223 134 136
 216  63 168 221  71 128 223  83 223   0 158   7 223 162  55 148 172 198
  70  46 212  58 174 108 128 107 196  25 108   0 167  45 156  93], 
 random_result = 0.8438, 
 random_action = [88, 28, 116, 158, 244, 13, 32, 157, 208, 14, 201, 118, 224, 145, 81, 4, 137, 183, 109, 202, 6, 199, 84, 96, 224, 87, 235, 136, 17, 9, 4, 241, 195, 97, 154, 34, 114, 70, 196, 122, 230, 0, 151, 13, 108, 117, 15, 232, 249, 172, 118, 25, 70, 176, 182, 56, 184, 239, 26, 121, 210, 144, 133, 118, 189, 56, 20, 91, 234, 11, 135, 174, 176, 118, 60, 19, 37, 90, 231, 177, 136, 155, 159, 84, 187, 105, 98, 90, 212, 104, 145, 138, 43, 63, 197, 214, 20, 204, 181, 89, 56, 128, 217, 1, 189, 220, 186, 234, 60, 74, 231, 22, 190, 121, 70, 58, 74, 178, 197, 240, 38, 155, 148, 173, 76, 142, 112, 169, 225, 166, 91, 213, 108, 150, 81, 31, 151, 31, 233, 90, 186, 94, 109, 233, 1, 200, 72, 104, 148, 185, 4, 59, 192, 117, 25, 98, 184, 193, 25, 63, 105, 169, 115, 197, 51, 30, 17, 31, 224, 120, 37, 68, 12, 233, 44, 87, 6, 33, 42, 245, 14, 84, 90, 180, 107, 209, 42, 175, 207, 175, 86, 196, 83, 154, 101, 36, 176, 129, 139, 82, 243, 39, 122, 216, 90, 224, 12, 202, 9, 172, 161, 162, 19, 88, 79, 113, 166, 3, 57, 111, 177, 96, 84, 233, 55, 236, 80, 181, 167, 249, 45, 35, 92, 60, 185, 82, 108, 182, 23, 244, 108, 121, 189, 77, 240, 136, 182, 145, 148, 74]