 NFS_result = 0.8765, 
 NFS_action = [ 10  61 114 181  38   0  27  91 231 243 110 211  45  60 183 136  35 199
  32  65 191  19  26 138  63 235  83 202  72 245   4 233  27 105  15   0
  80 161 128  18  30  64 190  63  19  77 172  24 179  44  20  90  99  77
  98 242 205  24  83  28  36  20 172 126  33 201  39 117 239 155 211 201
  23 118  86  13 140  70 233  59 132  94  19 175  26  88 173 136  53 188
 106 192  32 108  78 205  70  58  96 111 192 198 163 176 153 173 132  76
  22 146   7 195  39 106 204 217 165 108 162 160 210  35 134 174 217 150
  73 191  33  27 125  56 249 161 110 178   9  86  47 181 158  63  56 226
  76 107 209 225  80  55 163 239  31 105 116 109 203  80 205  14  33  65
  99 180 225  73 176 179  57 173   5  77  29  92  61   1  15  54 220 231
   0 182 100 244  87 123 242 146 111 195  95 236 191  59  65 194 176  92
   9  93  63 225  19 109 132  27  67  31 163  63   0 240  95   0 129 232
 159  93 229 230 166 175  34 211 164  37 135  32 170 209  15 141 207 113
  97  45 163 167  52 218 160 153 243 130 223  75 176  31  63 154], 
 random_result = 0.8370, 
 random_action = [55, 117, 63, 128, 110, 198, 41, 52, 0, 248, 244, 212, 48, 153, 131, 90, 59, 23, 31, 142, 5, 88, 3, 176, 158, 239, 56, 171, 83, 227, 188, 122, 92, 82, 117, 9, 124, 212, 147, 206, 18, 213, 144, 153, 155, 81, 77, 203, 130, 173, 5, 183, 76, 116, 43, 5, 215, 139, 87, 15, 19, 238, 14, 132, 125, 16, 148, 65, 18, 247, 141, 197, 217, 69, 86, 5, 207, 223, 101, 73, 37, 161, 52, 1, 142, 149, 45, 215, 62, 148, 179, 6, 139, 46, 29, 21, 243, 72, 232, 54, 180, 48, 30, 230, 2, 59, 170, 221, 151, 15, 15, 103, 73, 75, 26, 45, 21, 172, 246, 235, 61, 165, 54, 103, 77, 213, 219, 164, 26, 90, 81, 213, 55, 8, 207, 26, 12, 127, 148, 27, 130, 129, 169, 49, 133, 15, 227, 76, 187, 17, 20, 186, 231, 35, 201, 118, 228, 134, 111, 246, 59, 196, 30, 91, 163, 57, 231, 166, 88, 230, 102, 36, 72, 142, 24, 5, 157, 183, 210, 134, 199, 106, 49, 97, 179, 103, 93, 134, 177, 106, 249, 219, 230, 74, 14, 74, 175, 20, 162, 218, 180, 11, 28, 164, 188, 63, 9, 150, 248, 70, 167, 92, 198, 66, 84, 217, 218, 117, 113, 9, 174, 160, 242, 180, 55, 150, 70, 171, 139, 98, 232, 82, 158, 64, 162, 227, 108, 229, 139, 169, 102, 244, 122, 155, 40, 248, 66, 82, 236, 18]