NFS_result = 0.7305, 
NFS_action = [ 67   0   0 138 107   0   0 105  62  15   0   0  33   3  86  83  18  68
  59  35   0 106  69  12 129   0 104   5   4  39  40 125 139  77   5 139
   0  33   5   5  34   2   0  12  35  91  71  48   0  83   5  33  33  50
 139  33   0 141  38 122   0  61   6  59  68  33  35 115 119 111   5   7
   5   0  18  33  27 135  33  69   0 123 142 109  33  33  34   3  62  31
   5   5  68  62  74 102   0  44 116  63   7  33  62 125  74   5  73   6
  86   5  59  83  48  31  18  66   0  41  39  34   5  41  99  91  57   0
  32   6  18  35  33  68  20  16  37  40  41   5 119  73   4  52  47   5
   5], 
 random_result = 0.7229, 
 random_action = [87, 111, 94, 89, 2, 82, 2, 33, 4, 33, 94, 120, 31, 43, 130, 19, 47, 99, 75, 103, 85, 67, 79, 106, 65, 49, 31, 98, 58, 39, 20, 136, 143, 144, 131, 33, 96, 19, 13, 129, 43, 44, 5, 86, 61, 36, 22, 128, 90, 2, 58, 122, 52, 18, 142, 46, 83, 118, 139, 102, 82, 75, 120, 142, 27, 109, 118, 39, 46, 55, 61, 55, 129, 51, 44, 70, 134, 74, 116, 144, 80, 109, 133, 117, 59, 44, 119, 50, 26, 41, 138, 37, 55, 119, 76, 144, 98, 104, 114, 25, 103, 26, 35, 49, 68, 45, 18, 121, 37, 91, 117, 4, 91, 47, 63, 75, 25, 91, 59, 142, 100, 10, 118, 59, 24, 111, 87, 17, 50, 129, 119, 80, 122, 7, 75, 43, 129, 52, 25, 109, 120, 5, 35, 136, 47]