 NFS_result = 0.9687, 
 NFS_action = [  9   0  38 137   0  14   0  77   9   0  90 104  93  57  72   0  83  75
   0 159  10  50  60   9   0  58   2  47   9   0   7  90   1 149   7  45
  66  57  56  83 157  45  42 163  74 147  45 116 158 152 160  17  83  27
  12 123  54  40  64  22 139  39  72 157  54 153 132 155 158  53 104  85
 139 156  73   7 125 140  58  66  20  86  40   7  76  76  47   5 108 153
 138  12  53  43 167  55  76  40 109  45 119  58 113  98  90  79  85  75
  21 157 112 138  24  95  27  42   0  59  46  81  41 126 127  57   0  94
  45 119  30 134 136  49 126  39  68  60], 
 random_result = 0.9232, 
 random_action = [114, 26, 98, 9, 57, 79, 122, 160, 62, 67, 57, 76, 141, 64, 106, 30, 30, 48, 101, 131, 156, 84, 135, 120, 162, 148, 117, 135, 153, 17, 83, 98, 40, 86, 2, 60, 97, 101, 1, 99, 67, 5, 44, 87, 44, 94, 86, 65, 51, 143, 85, 20, 145, 51, 96, 98, 81, 129, 85, 29, 9, 82, 167, 86, 114, 26, 24, 138, 121, 80, 136, 134, 95, 95, 54, 168, 52, 88, 66, 75, 78, 137, 52, 150, 72, 6, 123, 96, 123, 144, 164, 31, 150, 99, 136, 44, 160, 35, 105, 105, 167, 33, 74, 45, 163, 157, 15, 90, 109, 136, 35, 63, 45, 112, 148, 158, 161, 67, 91, 36, 7, 56, 82, 66, 127, 157, 151, 117, 34, 40, 127, 99, 32, 135, 94, 146]