 NFS_result = 0.6400, 
 NFS_action = [  4   0 201 201 201 103   0   5 201  70 103 201 201 201 202   5 201 201
 202  85 103   0   0 104  55  91 201 201   9 202 202 202   0 202 201 103
 201 201 202  55   8 201   0 201   9  55 201   0 201  54 107 201 205 103
 201  55 202 202 201   0 107  37 202   4  54  64 153 201   6 202 205 205
 202   5 201 233  55 202  55 202   0   2   6   2 107 201 202 103 201   0
   0 201   5 202  57 131 201 104  57 149 201 202 201 201 204   0   6 153
  54 204 127 202   0 202 103 246 202   0 201  89 204 202 202 104   2 201
 201 202  57 204 201 107 201 138 201 202 201   5   5 202   0 202   5 201
 201  55 202   0 230 186 204  52  35 201 202 155 202 201   0   0   0 107
 201 104 202   0 201 201 244  54 117 202 201   0   0   0 183 205 127  37
  81 201  54   8  58   0 202 118 202 139   0 202 201   2   5 201   7 204
 116 201   0  98 196   9 202   0   9   6 144 201  54 201 201  31  38   0
 201 122 197 190   0 202 246  15 201   0  23 205 204 202   0 207 160  64
 201   0 103 136 134 204   0 202 202 106   6 202   0 202  81 201], 
 random_result = 0.4027, 
 random_action = [129, 185, 40, 65, 161, 91, 61, 178, 60, 197, 131, 68, 73, 93, 99, 99, 238, 69, 179, 6, 75, 3, 127, 152, 58, 136, 4, 7, 129, 176, 113, 34, 103, 150, 219, 220, 150, 180, 143, 115, 173, 240, 189, 244, 113, 247, 160, 236, 116, 149, 105, 247, 151, 96, 61, 63, 99, 83, 199, 45, 182, 124, 97, 63, 45, 86, 75, 189, 2, 68, 160, 101, 124, 210, 98, 196, 40, 246, 170, 201, 244, 208, 183, 26, 132, 1, 125, 232, 142, 162, 63, 103, 76, 245, 88, 121, 169, 49, 56, 232, 119, 245, 145, 227, 137, 29, 39, 42, 242, 202, 41, 86, 54, 91, 158, 65, 100, 122, 40, 203, 100, 186, 199, 135, 167, 183, 60, 189, 33, 192, 147, 154, 112, 36, 29, 115, 46, 1, 127, 109, 236, 242, 22, 45, 206, 148, 204, 22, 32, 183, 51, 126, 74, 158, 162, 60, 94, 188, 21, 3, 70, 188, 95, 100, 170, 85, 55, 77, 71, 30, 74, 126, 96, 134, 64, 147, 103, 3, 212, 37, 185, 88, 76, 154, 199, 115, 197, 242, 124, 141, 247, 180, 83, 230, 202, 37, 17, 197, 84, 89, 190, 204, 61, 160, 232, 28, 220, 137, 65, 17, 158, 48, 113, 54, 43, 126, 40, 21, 35, 118, 190, 226, 217, 236, 229, 62, 42, 35, 183, 26, 95, 188, 81, 187, 82, 91, 8, 112, 235, 237, 81, 135, 126, 62, 31, 162, 154, 224, 22, 118]