 NFS_result = 0.6338, 
 NFS_action = [  5   0 201 201 201   5   0   0 143 201 152   7   0 202   6   6   0 201
   0 202 104   0 106 201 201 204 201 202   0  55 201 204 201 202   4   0
  64 202  29 202   0 201 202 202 202   0 201 201 201 202 201 202 201 201
   0 204 202 202 202 204 202 202   5 201 104 243 202   6 202   4 201 201
   0 202 201 204 202   8 201   6 202  57 204 201 204 202 202   5 204 201
 202 202 202   5 104   8   9 202   5 201   0 203  57 201 201 202 201   8
 202 202   0 201 202   6 104   0  99 202  57 201   0 201   0 201 201 201
  57  55  55 204   0 205 201 202 204   0 201   5 204 204 202 204   0 201
 204 201 201 204 202   5   0  56 201 202  27 204 202 202   7 202 202 202
   0 201   8   0 201 204 201 104   0   0 201 202 201 201 204 201 202 202
   0  57 201 201 204 204 202   8   9 201 204 202   0 202 205 204 202 204
 201 204   0 202 202   5 155 204 204  55 202  80 201   0   8   5 204 202
 202 202   6   6   0 202 202   6   8   0 201   8 204 202  58  57 204 201
 202 202   5   0 202 203 204 201 201   6   6   0   1 204 202 201], 
 random_result = 0.2482, 
 random_action = [17, 51, 189, 234, 123, 133, 67, 33, 105, 147, 218, 24, 107, 162, 92, 152, 103, 108, 239, 193, 118, 50, 148, 21, 129, 158, 68, 208, 24, 146, 49, 171, 141, 143, 31, 230, 155, 248, 91, 211, 181, 32, 209, 202, 1, 75, 28, 64, 84, 212, 231, 26, 101, 230, 170, 62, 0, 169, 170, 31, 246, 196, 189, 209, 227, 209, 109, 202, 224, 193, 77, 52, 37, 67, 152, 37, 139, 177, 165, 26, 230, 77, 37, 101, 189, 10, 72, 170, 79, 134, 169, 187, 10, 136, 117, 154, 135, 209, 189, 182, 130, 220, 118, 20, 189, 1, 104, 43, 107, 55, 130, 99, 98, 31, 88, 187, 154, 192, 170, 107, 61, 148, 14, 188, 111, 134, 126, 40, 48, 35, 225, 14, 239, 177, 132, 127, 55, 67, 123, 246, 84, 172, 120, 209, 37, 143, 36, 71, 36, 1, 216, 43, 94, 178, 113, 133, 230, 169, 104, 13, 166, 92, 104, 238, 212, 13, 42, 202, 132, 17, 98, 231, 144, 26, 167, 107, 123, 67, 47, 4, 70, 184, 108, 219, 197, 243, 248, 121, 187, 131, 31, 143, 159, 29, 203, 132, 6, 1, 42, 229, 235, 167, 57, 26, 119, 155, 239, 143, 40, 55, 32, 238, 229, 134, 165, 68, 25, 119, 201, 104, 3, 76, 107, 202, 136, 59, 140, 218, 127, 118, 33, 183, 186, 10, 83, 107, 138, 105, 182, 62, 153, 48, 73, 30, 124, 179, 203, 48, 166, 152]