 NFS_result = 0.6733, 
 NFS_action = [  5   0   2 201 201   5   0   0  56 152  56   0 202 133 201   6 202 201
   6   5   6  57   6  33 202 202 202 204   6 204 202 202   0 202 103 205
 202 202   6   2   0 201   6   8 202   0  56 204 202 201 202 201 201   5
 202 204 204  54 201  54 153 202   5 202 201  54 201   5 104 104 202 204
 202   0 201 202 203 204 201 201 202 202 204 202 204 202 143 201   6 202
 204 201   6 202   6 202 201   6 103   3 205 202   6   2  55   0 202 202
 202   6   0 201 212 202  57 104 202   5 104   5   0   2 201 201 145   0
 201 202   5 202   0 220 201 202 204 201 202   6   5   6 204 201 202   6
 201   0 204 204 204 202   0 205  68 202 163   0 211  79 202 176   0 201
 201   0 103 202 107 201  57 204 125 204   8 204  55 116 201 204  55  57
 201 202 202 202   0   0 202 202 201 202   0 209 158 202 202 204 202 201
   0 103  92 202   0   5 201   0 117 202  12 136 201 104  54 204 204   0
 167 202   5  57 202 201 202   8  56 204   8 201   6   6 201 201 104   0
 204   0 202 202 202 201 201 201 104  80 201   0 202  54 204  54], 
 random_result = 0.2840, 
 random_action = [12, 185, 248, 4, 89, 6, 228, 206, 168, 89, 10, 121, 76, 46, 25, 73, 19, 88, 205, 139, 183, 223, 131, 70, 70, 92, 249, 178, 228, 1, 2, 31, 33, 238, 110, 76, 162, 131, 223, 172, 90, 18, 230, 176, 202, 130, 104, 16, 190, 247, 247, 245, 190, 0, 227, 69, 132, 218, 115, 38, 69, 90, 205, 93, 134, 247, 141, 228, 227, 130, 77, 76, 54, 44, 109, 124, 220, 249, 223, 195, 45, 154, 128, 182, 130, 15, 230, 246, 206, 60, 60, 20, 53, 215, 69, 74, 142, 28, 94, 155, 157, 189, 72, 202, 246, 125, 236, 181, 243, 64, 27, 123, 228, 71, 57, 215, 167, 232, 41, 19, 63, 192, 93, 1, 148, 52, 84, 73, 47, 199, 167, 24, 66, 198, 163, 139, 185, 0, 71, 220, 70, 61, 196, 36, 105, 81, 132, 12, 240, 241, 83, 164, 73, 48, 31, 152, 92, 145, 189, 127, 69, 35, 165, 69, 151, 54, 90, 232, 7, 217, 122, 51, 89, 0, 192, 67, 79, 5, 228, 75, 126, 38, 219, 69, 123, 135, 192, 79, 152, 190, 97, 86, 113, 80, 128, 29, 191, 16, 4, 64, 165, 150, 117, 120, 163, 94, 99, 156, 200, 26, 165, 68, 76, 130, 193, 117, 189, 208, 146, 202, 175, 57, 105, 227, 63, 248, 194, 234, 132, 70, 182, 137, 221, 78, 160, 151, 246, 157, 125, 198, 183, 53, 56, 209, 33, 131, 214, 190, 4, 196]