 NFS_result = 0.8640, 
 NFS_action = [  0   0 244 218  89 234  11  79 144 221 189  35  30 190  83  59  69 210
  34  95  13 231 221 112 200 182 227  25  77 235 248 109  13 230  79  95
 192 186 117 130  20  78  40   8  11  67   0 121 186 188 191   0 221  34
 105 188 132 100  84  22 120 100 151 169  82 163  23 185 171   5 168  63
  90   2  31 185 125 157 225 124 167  72  60 162 104  49 141 228  74  39
 232 175  87 142   7 164  11  15  76 208  70  71  18 100 191 100 162 133
 109 116  64 215  47 157  20  35  60  31 148 173  50 114  63 160 142 114
   3  73 201  88 167 139 104  35 141  59  90 116  57 192  76  86  11  70
 143  78 152 174 208 188 142  18 194 119   3 166 123 144  28 220  58 211
 171 177  25  21  15   0  33 113 152   2   3 144   0 125 170 230 100 241
  80 172 121 131  93 141 235  35 131  25 206  51 205 106 200 243  37  74
 211 159 156  87  59 138 129 121 229  64 132 171 112 203  40 191  90 220
 186 192 153 156 176 139  20 235 193 228 242  10 244  23 143  66 218 218
 222 137 186  21 179 105 192 114   2 207 227 241  25  47  44 222], 
 random_result = 0.8305, 
 random_action = [224, 217, 223, 127, 36, 195, 58, 144, 118, 204, 180, 199, 54, 108, 145, 238, 180, 151, 6, 76, 135, 234, 233, 245, 220, 204, 196, 17, 203, 234, 57, 160, 29, 51, 245, 114, 139, 110, 240, 63, 201, 216, 158, 233, 196, 23, 114, 228, 190, 30, 47, 20, 163, 209, 64, 143, 81, 10, 34, 119, 39, 171, 101, 104, 171, 151, 30, 100, 182, 62, 109, 189, 199, 54, 116, 33, 130, 207, 67, 128, 215, 6, 59, 127, 52, 221, 52, 117, 33, 138, 236, 85, 224, 103, 15, 137, 208, 94, 142, 96, 104, 36, 100, 22, 165, 170, 40, 136, 13, 39, 7, 113, 220, 175, 40, 107, 130, 185, 29, 206, 26, 21, 42, 221, 113, 194, 237, 78, 20, 101, 90, 115, 142, 147, 79, 88, 156, 7, 103, 186, 112, 197, 50, 69, 174, 218, 47, 144, 114, 66, 30, 194, 98, 191, 205, 110, 208, 58, 90, 247, 147, 235, 231, 126, 154, 62, 124, 85, 15, 183, 196, 187, 150, 50, 52, 196, 97, 178, 171, 164, 218, 168, 116, 131, 91, 229, 71, 26, 75, 192, 2, 128, 36, 214, 158, 141, 108, 235, 53, 82, 26, 211, 106, 87, 162, 110, 90, 226, 16, 68, 190, 184, 126, 71, 176, 210, 131, 246, 117, 226, 66, 236, 249, 233, 112, 197, 154, 32, 117, 52, 126, 100, 64, 51, 204, 86, 189, 102, 173, 175, 96, 242, 1, 17, 216, 18, 108, 11, 234, 10]