 NFS_result = 0.8755, 
 NFS_action = [ 45 151   0   0 127 131 132  87  72  20 123  69  72   9  38 129 123  10
  15  44 172  36 121  28  32 178  57 141 115  35  86  51  66 115 150 127
 111 118  16 140 172 135 204 151 162  19 103 122 169  43 175  79  24 160
  79 131 147  91 188  77 161 213  31  52 117 119 146 122  79 100  18  21
  66  36  63  98  88  11 144  49 121 147  58  16  36  49  15   5  11 158
  52 151 115 151   0  56  47  37  43  20 172  34  84  93 122   6 115 156
 121  48  88   9 108  54  49 115  41  98  63 118 137  65  90 159  29 205
 118  36  55  73 172  88 163  45  49 197  16 104 121 152 129 218 160  12
  85  81 151 159 110  13 156  36  92 131 134  84 189 192 105  84  36   0
  59 146 129 123 179  23   7 133  63  93  57  24  90 215   0  94 145 124
   8  38 169  92  32 203 166  25  45  37 176 192  73 126 146 212 184 132
 137  96 150 218  44  67  64  83  67 216 196  59  92 145  80  10  49  79
  37  91 128  63], 
 random_result = 0.8011, 
 random_action = [40, 97, 76, 34, 133, 19, 82, 164, 103, 28, 199, 105, 208, 192, 45, 132, 157, 136, 28, 200, 119, 22, 122, 50, 22, 157, 44, 117, 83, 77, 82, 123, 27, 124, 154, 35, 40, 90, 212, 50, 13, 194, 74, 4, 73, 14, 99, 98, 217, 116, 134, 179, 58, 148, 166, 212, 22, 156, 171, 218, 60, 138, 119, 119, 77, 107, 12, 18, 143, 73, 176, 144, 172, 73, 50, 23, 76, 57, 91, 26, 39, 153, 167, 191, 111, 195, 9, 123, 119, 89, 6, 140, 3, 88, 151, 202, 69, 129, 61, 194, 189, 60, 127, 203, 117, 162, 87, 100, 129, 167, 160, 169, 9, 134, 62, 154, 107, 137, 188, 183, 85, 194, 182, 159, 213, 7, 206, 42, 193, 70, 164, 207, 80, 80, 194, 140, 193, 121, 72, 185, 206, 183, 58, 133, 142, 89, 89, 150, 44, 96, 45, 148, 22, 50, 18, 166, 215, 72, 74, 52, 158, 83, 17, 143, 186, 43, 113, 37, 155, 56, 72, 119, 183, 165, 101, 63, 82, 43, 20, 191, 34, 183, 123, 30, 140, 44, 115, 79, 17, 199, 16, 53, 85, 118, 122, 77, 34, 133, 5, 59, 81, 115, 76, 158, 78, 149, 190, 44, 157, 136, 135, 128, 83, 96, 207, 127, 3, 20, 205, 184]