 NFS_result = 0.9585, 
 NFS_action = [149   0   0   5  86  35   0 157   1  75   0 215  57 147 210   0  13  92
 198  68   0 217  31 206  17  42 174  11  42 153   0 142  86 218 163  84
  40  25 133  70 180  51  18 142  67 244  40  35 123 246   0 146  58 106
 189 191 112  35  21 164 117  70 185  35 153 188 172  48 178   9  93  29
  40  78   0 216  94 119  86  89 187 247  59 163  44 142  67  51  42 161
 180 150  91  44 171  83  96 100  62 247  98  48  42 148  68  51  30 215
 238  19 196 118 109  22  40  55 120  29  21 124  40  80 100 132  18  83
  96 181 191  97   0 103 236  47  76 165  51 187  56  37   0  96 149  43
  93  37   0 169  67  14  23 166 161  16 156 192   0  98 177 120  44 184
 206  91  48  39 177  10 197 239  36  79 175  67  83 172 181 145  47 157
 241  97  52  96 228  41 242 112  22  36  91  24 174  93  25 151  92 208
  81 186  90 163  81  13  87  85 100  75 145  88  50  36 244  97 199  38
 183  89  80 146 195  91 202 144  18  76 156 100  85   3  11 147  22 185
  35  36 133  18 117  90  97  68 232  97  84 111 168  67  36 203], 
 random_result = 0.9476, 
 random_action = [8, 72, 196, 196, 47, 108, 221, 214, 167, 162, 149, 175, 148, 171, 25, 93, 41, 235, 236, 83, 118, 111, 105, 150, 51, 203, 196, 236, 209, 166, 174, 53, 103, 192, 83, 174, 160, 158, 73, 176, 1, 142, 3, 15, 33, 145, 242, 120, 220, 101, 42, 196, 169, 13, 229, 203, 66, 114, 143, 221, 178, 234, 151, 129, 177, 246, 196, 179, 4, 243, 35, 127, 53, 172, 188, 79, 84, 89, 164, 42, 242, 182, 207, 71, 164, 193, 196, 0, 205, 224, 45, 177, 237, 226, 135, 61, 149, 32, 225, 34, 128, 97, 14, 109, 236, 97, 54, 7, 132, 19, 91, 59, 155, 100, 49, 133, 143, 37, 7, 154, 202, 192, 90, 75, 123, 200, 196, 177, 188, 172, 215, 217, 208, 28, 124, 51, 157, 40, 76, 43, 144, 117, 229, 39, 42, 44, 67, 121, 33, 240, 166, 168, 60, 182, 70, 25, 241, 130, 222, 143, 241, 180, 45, 14, 143, 55, 192, 151, 113, 59, 152, 32, 58, 100, 87, 121, 146, 130, 214, 143, 101, 100, 14, 70, 118, 24, 139, 113, 17, 160, 128, 26, 231, 135, 13, 215, 163, 195, 218, 161, 27, 172, 37, 225, 32, 224, 109, 19, 176, 111, 13, 191, 242, 150, 36, 238, 75, 215, 113, 88, 9, 46, 154, 208, 184, 244, 96, 52, 98, 149, 123, 242, 180, 137, 228, 74, 228, 22, 236, 122, 17, 65, 44, 98, 27, 55, 39, 25, 84, 135]