 NFS_result = 0.9718, 
 NFS_action = [ 75   0 168 122  51  42  66  46 163  96   0  19  37  45  84 117 142 105
  13  11  11  19 158  24 150  10  71   0 141  34   0  11  97  80 115  16
  75  39  71 163  72  82 108 135 104  52  45  70  19  12  46  40  80 108
 159  70 142 152  43   4  96 103 138 159   0 106  58 158  12  38  90  10
  55  93  79 119  40  13  32  14 160  89  49  84 149 113 123   9 117 121
  39  97  70 146  75  93   2 105   9  53  12   6 145  14  54  21  75   2
  45  42   0 141  88  10 142  64  34  14 106  75 155  47 103  10  31 115
  30  87 141 155 149 111  79  51 109  61   9   0 136  63  64   2   8 142
  81 145  70 142  99  41 119  88  58 157  90  79 144 169 124  10 155 120
 115  19  34  68 140  35 112  28], 
 random_result = 0.9408, 
 random_sample = [79, 123, 134, 133, 138, 119, 75, 36, 100, 66, 13, 95, 44, 110, 7, 33, 162, 113, 4, 29, 77, 73, 77, 126, 109, 132, 19, 38, 47, 66, 21, 148, 139, 133, 168, 37, 31, 136, 53, 8, 9, 121, 2, 143, 95, 160, 165, 143, 96, 80, 45, 102, 23, 88, 84, 166, 143, 28, 80, 126, 68, 141, 84, 15, 5, 128, 137, 141, 78, 38, 109, 103, 112, 145, 9, 90, 167, 4, 47, 136, 54, 2, 105, 26, 25, 91, 71, 141, 127, 108, 144, 3, 28, 5, 77, 107, 21, 12, 72, 121, 97, 150, 36, 69, 95, 164, 79, 20, 39, 15, 82, 65, 26, 162, 63, 166, 84, 130, 133, 71, 111, 117, 6, 155, 35, 17, 47, 112, 31, 149, 38, 127, 55, 103, 71, 166, 75, 58, 138, 39, 145, 53, 136, 14, 1, 16, 137, 126, 100, 46, 71, 92, 131, 121, 154, 42, 61, 131, 62, 41, 56, 133, 21, 70, 101, 35, 144, 21, 27, 42]