 NFS_result = 0.9810, 
 NFS_action = [213   2 208 150 122   0   0   0   7 218  39 170   0 147 156 111   0   1
  92  18   0 152 216  41  17 185   2 186 110 121   7 230 183 166  70 110
 193 110  56 159 183 156 235 247  72   0  23 175 159  61 211  88 142 189
  34 170 189   0  37  33   0  37 119 121  62 175 249  23 141 134 191 227
 168  34  13 203 124 219 117  42   0 146 198 170 121 111   2  74 153 104
  25 221 113 200 108  56 181 138  51  28   0  56 241  57 184 172 175 228
 204   1 166 246 163  73  82 240 152 149 135  56 165   0 206   0  95 206
  73  98 212 182 171 240 118 184 151 230 209 171  42 117  37 202  39 184
  30 214   0  40 220 206 221  73 187  73 130   0  79 133 233  74  99 235
  88 133   0 155 248  22  54 132 220 222  43 206 243 116  45 157  65 133
   9 218  42  24   4   0 226 122  59 163 197 165 196  62 196  62 160 173
 102 151 236  61 193 200  27 130 206 231  73  73 133 219 220 229  73 157
 240  92 234 208  44  96 226 248 133  81 227  56  79 162  19 235 136  14
 207 102 101  58 236  95 143 173 216  15 156  23 157 185 152 241], 
 random_result = 0.9471, 
 random_action = [139, 82, 28, 67, 11, 25, 153, 161, 21, 111, 156, 151, 70, 208, 20, 175, 30, 198, 97, 202, 50, 102, 48, 8, 87, 93, 174, 68, 150, 230, 144, 94, 134, 183, 163, 156, 145, 181, 57, 103, 135, 44, 18, 108, 142, 210, 113, 214, 167, 63, 63, 186, 234, 217, 71, 123, 147, 146, 11, 24, 28, 37, 110, 181, 111, 232, 47, 152, 35, 13, 3, 120, 212, 119, 141, 71, 100, 166, 122, 176, 197, 238, 91, 91, 83, 107, 9, 3, 93, 88, 44, 245, 93, 5, 9, 99, 221, 96, 0, 234, 134, 228, 148, 239, 127, 63, 234, 38, 71, 34, 227, 228, 99, 17, 175, 147, 179, 15, 246, 4, 35, 202, 6, 194, 75, 42, 215, 152, 127, 12, 41, 122, 218, 4, 212, 233, 133, 145, 198, 11, 247, 128, 240, 200, 157, 181, 50, 207, 156, 239, 44, 149, 38, 190, 247, 140, 227, 103, 135, 73, 30, 105, 74, 235, 241, 100, 195, 139, 110, 11, 204, 152, 7, 186, 65, 234, 11, 248, 77, 143, 221, 80, 6, 32, 220, 245, 20, 188, 168, 117, 94, 248, 15, 225, 171, 44, 180, 57, 186, 43, 108, 95, 205, 67, 130, 213, 27, 233, 112, 103, 60, 230, 32, 198, 107, 247, 24, 186, 24, 125, 32, 96, 5, 245, 71, 15, 79, 28, 209, 203, 61, 79, 34, 172, 152, 6, 44, 22, 106, 233, 190, 201, 152, 226, 211, 82, 161, 46, 193, 15]