 NFS_result = 0.9867, 
 NFS_action = [ 56   0   0 199 102  72   0 169 146  86  47 197   0 105 175   0   0 177
  17 191  81 147  31  32  19 180  35  44 178  84   0 119 155 207  48 106
   0  94   0  87   0 125 170  13   7  27 155 246 179 112 179   0 210 164
 143  23  41  41 229 188 220 170   8  44 248 195 171  19 210  56  81  81
 130 199  34  25  81   0  24 184 141  41 228  27 191 130  56 126  63 133
 155 199 135 160  72 112  43 153 133 105   0  49  77  52  43 235 137 171
 121  13 244 203 136 242 186 138 103 121 246  80 154 179 154 121 138 165
   0 191 126 161   0  67  61 208 219   5 104 179 155 118  64   0   6 142
 105 118 235  84 153 184 190  64 110  35 174  28 237  91 205 215 186 183
   3  55 126 161 110 131 127 175  22 202  38  72 229 107 161 170 171 169
 212 243   7  55  58 113 169 180 104 199   0 179 154 110  85  29  64 163
  43 242 109 131 162  77 187 164 168 126  82 130 226 145 168 104 134  65
 182 196  88  56   7 120 169 166 231  47 125 180 133 144 120 201 124 180
 238   7 131 221  83 210  84 173   6 202 228 179 247 161  23  74], 
 random_result = 0.9433, 
 random_action = [223, 186, 234, 14, 220, 25, 227, 202, 142, 73, 91, 97, 73, 171, 8, 139, 148, 173, 167, 155, 197, 26, 73, 102, 186, 180, 164, 152, 119, 152, 53, 62, 198, 76, 30, 204, 89, 126, 28, 11, 70, 178, 9, 227, 66, 117, 0, 237, 235, 42, 225, 214, 5, 248, 87, 17, 182, 192, 94, 213, 19, 130, 177, 163, 44, 133, 144, 185, 8, 63, 165, 65, 21, 152, 226, 41, 17, 19, 198, 225, 8, 180, 181, 66, 205, 140, 142, 245, 71, 203, 78, 246, 187, 10, 79, 148, 248, 139, 98, 93, 180, 108, 27, 230, 3, 196, 144, 7, 78, 237, 217, 5, 5, 60, 249, 99, 242, 229, 107, 90, 137, 17, 209, 137, 107, 39, 67, 121, 64, 134, 98, 127, 230, 113, 80, 196, 189, 242, 230, 30, 2, 105, 234, 9, 195, 96, 164, 126, 185, 79, 54, 200, 111, 145, 26, 228, 18, 245, 86, 241, 202, 150, 239, 16, 230, 130, 246, 147, 155, 205, 70, 124, 130, 211, 249, 227, 50, 78, 168, 240, 67, 190, 53, 118, 193, 142, 35, 6, 245, 202, 7, 129, 162, 140, 115, 133, 38, 210, 226, 169, 166, 3, 124, 224, 212, 244, 44, 78, 68, 6, 14, 2, 71, 217, 81, 141, 161, 121, 64, 239, 41, 221, 76, 168, 113, 220, 53, 171, 75, 79, 242, 33, 138, 197, 244, 225, 68, 29, 44, 50, 103, 136, 119, 73, 10, 129, 121, 102, 176, 196]