 NFS_result = 0.8358, 
 NFS_action = [  0   0 146 220 171 214   0   0  66 105   7 154   0 168 109 205 134   0
  36   1  70   0 187  34   8  99  57   0 108   6  57   7   0 169 197  81
 122 159 167 171 176   0  57 155 163 185 201  11   0  66   0 160  59   6
 127  59  57  44 152   6 127  47  62  52  44  57   0   0  57 101 155 108
  11  99  93  44 106  54 155  54  56  84 175  57  60 122  24  57  41  41
   0 106  56 183  30 154 122   0 127 120 197 122   0  56   5  13  55 229
 152  25  57  44 155  74   4 123 150  19 106  34 152 155  85   6  10  57
 125  70  44  54 155 191  54 213  13   0  10  57   6  19 202 152 154   5
 108  44 180 194 171   5  18 230  23  54 142 213  57  56  93  10  20 106
 155 177   9 113 112 111 136   7 155 108  93   2  44  73 155  62  74   8
   1  56  78 160  93  62 160 195  93  25   0 135  47 172  83 160 241  54
 204  44  57   0 157 157 175  39  10  57  33  55  25   3 172  67   2 154
   5  77 188  59 165 192  57 150  54  71  61  56  47 183   4  10  10  10
 123   0  54 165  49 160  73  45  57   8  94 204  13 165  54 135], 
 random_result = 0.6972, 
 random_action = [223, 186, 234, 14, 220, 25, 227, 202, 142, 73, 91, 97, 73, 171, 8, 139, 148, 173, 167, 155, 197, 26, 73, 102, 186, 180, 164, 152, 119, 152, 53, 62, 198, 76, 30, 204, 89, 126, 28, 11, 70, 178, 9, 227, 66, 117, 0, 237, 235, 42, 225, 214, 5, 248, 87, 17, 182, 192, 94, 213, 19, 130, 177, 163, 44, 133, 144, 185, 8, 63, 165, 65, 21, 152, 226, 41, 17, 19, 198, 225, 8, 180, 181, 66, 205, 140, 142, 245, 71, 203, 78, 246, 187, 10, 79, 148, 248, 139, 98, 93, 180, 108, 27, 230, 3, 196, 144, 7, 78, 237, 217, 5, 5, 60, 249, 99, 242, 229, 107, 90, 137, 17, 209, 137, 107, 39, 67, 121, 64, 134, 98, 127, 230, 113, 80, 196, 189, 242, 230, 30, 2, 105, 234, 9, 195, 96, 164, 126, 185, 79, 54, 200, 111, 145, 26, 228, 18, 245, 86, 241, 202, 150, 239, 16, 230, 130, 246, 147, 155, 205, 70, 124, 130, 211, 249, 227, 50, 78, 168, 240, 67, 190, 53, 118, 193, 142, 35, 6, 245, 202, 7, 129, 162, 140, 115, 133, 38, 210, 226, 169, 166, 3, 124, 224, 212, 244, 44, 78, 68, 6, 14, 2, 71, 217, 81, 141, 161, 121, 64, 239, 41, 221, 76, 168, 113, 220, 53, 171, 75, 79, 242, 33, 138, 197, 244, 225, 68, 29, 44, 50, 103, 136, 119, 73, 10, 129, 121, 102, 176, 196]