 NFS_result = 0.9333, 
 NFS_action = [112   0   0   2  33  52  77  77  77  47  83   0   1  92  99   0  65  95
  46 141  52  69 136 170  91  77  30  71  70  36 163   7  99  39 172 160
   0 107 179  23 163  52 167   8 133   0   7 143 111 145 145 170   0  94
 126  42   7 100  83 111  35 161   6  56  95  42  91  87  29 118 104 159
  93  87  54 133  54 177 173  77   0 159  41 114  65  49 143 163 105  86
  74 136 143  67 102  93 141 141  19  73 171   9  12  77  47 119  87  34
 139 110 102 143  51  40 169  13 165 143 158  43  33   5 148 101  86 113
  77  20  96 125  65 144 144  40 112  35  75   2 146   7  42 122  80  49
  19 173   2  15 118 120 109 137  94 135  65 102 146  66  65 160   5 147
 142 164 121 139 158 140  34   1   0 166  86 144  33 171  81 131  83  83], 
 random_result = 0.8973, 
 random_action = [176, 26, 148, 42, 151, 31, 178, 163, 45, 153, 110, 108, 115, 31, 147, 50, 131, 152, 28, 70, 27, 177, 148, 173, 42, 168, 177, 55, 10, 128, 2, 72, 91, 24, 170, 75, 33, 77, 61, 103, 28, 4, 79, 121, 94, 59, 176, 111, 46, 47, 173, 68, 95, 83, 128, 22, 73, 79, 49, 58, 115, 116, 119, 30, 79, 160, 174, 141, 158, 37, 118, 173, 159, 83, 110, 153, 30, 17, 138, 121, 36, 13, 97, 86, 22, 126, 37, 89, 43, 114, 160, 150, 170, 29, 95, 169, 48, 18, 172, 24, 65, 26, 3, 37, 22, 75, 32, 58, 134, 63, 119, 37, 162, 162, 41, 18, 16, 38, 140, 117, 61, 127, 67, 152, 120, 30, 134, 156, 86, 169, 64, 32, 131, 83, 25, 146, 172, 167, 20, 163, 164, 107, 22, 152, 16, 159, 116, 70, 150, 62, 103, 78, 110, 99, 117, 73, 37, 16, 2, 162, 132, 63, 83, 127, 69, 90, 25, 71, 148, 81, 102, 63, 162, 136, 57, 110, 105, 153, 5, 171]