 NFS_result = 0.8390, 
 NFS_action = [ 48  98   2 216  24  59 107 141  56 163 177 267 208   9 186   0  63 235
 251 217 225 200  68  15  49  83   0 117 262 214   0 195 150 117   4 125
  49  23  76  47 127  14 160 172 101 250 212 170   1  35   6   0 263  49
 157  49  32 262  20   5   0 111  66  69 220  60 244  74  48 225 282  12
 174 139  27  72 152 231 198  31 291 251 268  39  92  81 232  27 186 164
   0  24 237 220 142  64  71 202  74 159   0  70   1 244 144   0 280 177
 217 175 161 276 214 132 262 158 222 126 206  74  84 154 215  61 167 147
 192 182  60 159 230 166 190  15 279  14   0  93 149  83 132  69 168 295
 213 168 126 233   3 107  52 256  91  47 139  26 230 288 110 160 265  99
 252 242  64 179  74 264  24 219 156  49 259 225 230 140 219   0 109 233
 139 218 190  58 219 245 167  50 276 107  99   0  63 209  45   0  15 116
 205 246  73 251   5 167 275 139  14   0  62   3 117  89 142  47 185  43
 167 218 150 276  32 268 112   8 285   1 126 134  67  80 171 281 251 208
 137 137 243  49 127  68 133   0 244 139 167 244 185   2 169 115 240 108
 212 197 195 141  86 162 150 226 259 237 175 230  46  36  35  30 167  98
 273 184  69  74  80  30 297 238 256  15 276 114 118 294 200 267 198 165
 295 212 133 210  50  21 233  74  68  66 212  58], 
 random_result = 0.7085, 
 random_action = [69, 36, 154, 265, 90, 21, 266, 135, 266, 101, 8, 27, 266, 190, 64, 38, 225, 126, 285, 145, 225, 61, 142, 178, 160, 179, 81, 84, 294, 150, 286, 142, 211, 237, 232, 22, 43, 212, 53, 54, 231, 1, 177, 113, 264, 118, 248, 7, 62, 199, 133, 297, 99, 236, 80, 290, 232, 186, 194, 18, 217, 122, 224, 107, 235, 8, 84, 210, 38, 62, 35, 224, 85, 261, 168, 141, 290, 210, 106, 290, 105, 6, 191, 155, 131, 139, 101, 1, 158, 184, 247, 172, 220, 289, 52, 112, 109, 89, 60, 97, 291, 192, 172, 292, 121, 167, 175, 76, 75, 1, 272, 135, 223, 226, 240, 189, 261, 206, 57, 40, 24, 225, 231, 193, 171, 129, 264, 196, 282, 81, 150, 64, 284, 86, 226, 282, 14, 28, 253, 292, 148, 115, 293, 263, 240, 34, 212, 272, 243, 252, 253, 59, 249, 129, 5, 57, 275, 120, 212, 52, 249, 264, 1, 72, 267, 138, 25, 86, 140, 209, 2, 223, 5, 52, 110, 189, 240, 157, 95, 31, 53, 1, 174, 20, 36, 120, 87, 2, 86, 229, 33, 124, 131, 102, 145, 261, 186, 1, 261, 24, 172, 23, 119, 2, 121, 295, 199, 172, 286, 82, 130, 298, 215, 170, 243, 168, 72, 275, 247, 78, 222, 39, 291, 220, 64, 227, 24, 290, 139, 247, 184, 46, 26, 275, 147, 217, 25, 173, 172, 67, 169, 114, 276, 67, 237, 234, 279, 268, 165, 118, 135, 261, 204, 165, 189, 109, 197, 4, 92, 65, 63, 93, 256, 211, 72, 154, 102, 92, 66, 174, 282, 253, 46, 224, 23, 49, 113, 123, 56, 13, 249, 62, 211, 16, 74, 154, 254, 259, 84, 205, 141, 152, 98, 67, 72, 68, 1, 148, 281, 134]