 NFS_result = 0.8734, 
 NFS_action = [168   0  16 210 247   0  50  23  72 170 126   0   0 154  20 220  46   0
  63 149  47   0 195 114  47   0 164 203  245 188  52 141 172 232   0
  23 147  43  12   0 145  95 162 210  97 184 188  97 221   0   0 149 126
  56   0 120 208 113 200  86 163  53 235  33 238 150 218 147  63  59 231
 101 111 227   0 146 190 218  50   0 205 102  15 120 160 210 211 168 244
   0  14  63 202  99   0 111 106  43  26  34 192 240  59  70 248  65 244
 227   0   0 124  44 167  26  97 129  58  89  84 104 131  85 159  23   0
  14 169 115 158 227   1 162   9 149 228 184 181 247 190   0 247  56 160
 124   0  35 236 101   9 248 160 203  46  56 247 170 206 230 112 145 114
  50  32 242   0 208  17 113   7  35 184 225  72 107  12 113 145 120 127
   0 136 173 202 117   0  86 158   9  27 233 144  14 119 185  78  16 162
 191  96  54 129 163  27 165   0  69 159 144  78   0  67  61 160 122 112
 189  18  96 241 197 170 149 178   9   0 164 194 153 213  21 110 136 116
 193  84 136 125  14 188 188 203  87  63 200   0  83 245 194 197], 
 random_result = 0.8331, 
 random_action = [139, 82, 28, 67, 11, 25, 153, 161, 21, 111, 156, 151, 70, 208, 20, 175, 30, 198, 97, 202, 50, 102, 48, 8, 87, 93, 174, 68, 150, 230, 144, 94, 134, 183, 163, 156, 145, 181, 57, 103, 135, 44, 18, 108, 142, 210, 113, 214, 167, 63, 63, 186, 234, 217, 71, 123, 147, 146, 11, 24, 28, 37, 110, 181, 111, 232, 47, 152, 35, 13, 3, 120, 212, 119, 141, 71, 100, 166, 122, 176, 197, 238, 91, 91, 83, 107, 9, 3, 93, 88, 44, 245, 93, 5, 9, 99, 221, 96, 0, 234, 134, 228, 148, 239, 127, 63, 234, 38, 71, 34, 227, 228, 99, 17, 175, 147, 179, 15, 246, 4, 35, 202, 6, 194, 75, 42, 215, 152, 127, 12, 41, 122, 218, 4, 212, 233, 133, 145, 198, 11, 247, 128, 240, 200, 157, 181, 50, 207, 156, 239, 44, 149, 38, 190, 247, 140, 227, 103, 135, 73, 30, 105, 74, 235, 241, 100, 195, 139, 110, 11, 204, 152, 7, 186, 65, 234, 11, 248, 77, 143, 221, 80, 6, 32, 220, 245, 20, 188, 168, 117, 94, 248, 15, 225, 171, 44, 180, 57, 186, 43, 108, 95, 205, 67, 130, 213, 27, 233, 112, 103, 60, 230, 32, 198, 107, 247, 24, 186, 24, 125, 32, 96, 5, 245, 71, 15, 79, 28, 209, 203, 61, 79, 34, 172, 152, 6, 44, 22, 106, 233, 190, 201, 152, 226, 211, 82, 161, 46, 193, 15]
