 NFS_result = 0.8802, 
 NFS_action = [  0   0 142  46 189   0  55  72  58  26 126   0   0  14  56  80   0   7
  38 121  50 211 234  63  47   0  35 138 100  70 188   5 108  22  13   0
 224 120 205 139   0  18 105 169  86  31 243 146 230  78   0   0   0 178
  16 169 158 203 175 133 104  57 221 198 192 132  39 146  37 178  75  71
   9 109  15   0   9 182 118  14   0  86  43  92 121 244 185 178 166  54
   0  11  11 103 136   0  30  10  68 196   0  39 106  31 170 248  20 100
 217  70   0 168  76 117  67 154  56 180 185  14  83  57  36   7 155   0
 162 107  76 138 207  64  80 182  50 236 159  19  35  11 206 147 230  77
   5   0  51 172 111 205  20 157 146  75 169  96 226  31 126 227 153  34
  82  14 190   0 176 221  85  15 114  44 132  47 146  92  77 153   0 225
   0 131  15 131 115  64  15 158 232  83  29  83  60  78 177 242 183 174
 128 110 149 245  89  50 138   0  42  51 166 157   0 100 142 207 112 220
 126 249 133 248  56 142  18  94  67   0 110  40  89 239  82 187 156 246
 164 210 221  76 157  27  96 167 162 107  49   0 175 131  73 208], 
 random_result = 0.8331, 
 random_action = [139, 82, 28, 67, 11, 25, 153, 161, 21, 111, 156, 151, 70, 208, 20, 175, 30, 198, 97, 202, 50, 102, 48, 8, 87, 93, 174, 68, 150, 230, 144, 94, 134, 183, 163, 156, 145, 181, 57, 103, 135, 44, 18, 108, 142, 210, 113, 214, 167, 63, 63, 186, 234, 217, 71, 123, 147, 146, 11, 24, 28, 37, 110, 181, 111, 232, 47, 152, 35, 13, 3, 120, 212, 119, 141, 71, 100, 166, 122, 176, 197, 238, 91, 91, 83, 107, 9, 3, 93, 88, 44, 245, 93, 5, 9, 99, 221, 96, 0, 234, 134, 228, 148, 239, 127, 63, 234, 38, 71, 34, 227, 228, 99, 17, 175, 147, 179, 15, 246, 4, 35, 202, 6, 194, 75, 42, 215, 152, 127, 12, 41, 122, 218, 4, 212, 233, 133, 145, 198, 11, 247, 128, 240, 200, 157, 181, 50, 207, 156, 239, 44, 149, 38, 190, 247, 140, 227, 103, 135, 73, 30, 105, 74, 235, 241, 100, 195, 139, 110, 11, 204, 152, 7, 186, 65, 234, 11, 248, 77, 143, 221, 80, 6, 32, 220, 245, 20, 188, 168, 117, 94, 248, 15, 225, 171, 44, 180, 57, 186, 43, 108, 95, 205, 67, 130, 213, 27, 233, 112, 103, 60, 230, 32, 198, 107, 247, 24, 186, 24, 125, 32, 96, 5, 245, 71, 15, 79, 28, 209, 203, 61, 79, 34, 172, 152, 6, 44, 22, 106, 233, 190, 201, 152, 226, 211, 82, 161, 46, 193, 15]
