 NFS_result = 0.8734, 
 NFS_action = [  0   0  58 110 218   0  12  23 128  74 110   0   0 224 191 217   0 186
 217 114 235 194 214 239 174   0 245 203  24  52 188 218   3  97 142   0
 153 205 200  47   0 224  28 155 132  79 195 246 167   8   0   0 212  82
 208 152  23  61 241 193 147 177   8 123 154  13 110 192  90 155  14 143
 163 147 145   0  55 174 182 117   0 195 182 212 152 183  88 102 118  74
   0  60 142 177  32   0 141 246  59 106  57   0 146  62  48 227   7  83
  92  70   0 211 195   7  14  10 146  61  63 242 233  99 125  17 249   0
 169  15 132 210 100 191 124  43 185  43 168  86  13 184 188  13  90  78
 194   0 158 159  47 160 115 113  64   0  53  57   7  51  41 249 161 121
 188 145 185   0 243  14 150  63  96  63  12 184 205 215 147  37 113   7
   0   8 100  82  31  58  44  30 244 247  65  36 146  16 175 137  31  24
  60  79  93 118   9  10 211   0  44 111  12 120   0 113 221 184  42  14
 220  14 135 120 214 222  39 192  10   0  70 172  60 182 173  14 187  25
 138  93 162 192 218  61 186  83 138 113 175   0 169 180 204 247], 
 random_result = 0.8331, 
 random_action = [139, 82, 28, 67, 11, 25, 153, 161, 21, 111, 156, 151, 70, 208, 20, 175, 30, 198, 97, 202, 50, 102, 48, 8, 87, 93, 174, 68, 150, 230, 144, 94, 134, 183, 163, 156, 145, 181, 57, 103, 135, 44, 18, 108, 142, 210, 113, 214, 167, 63, 63, 186, 234, 217, 71, 123, 147, 146, 11, 24, 28, 37, 110, 181, 111, 232, 47, 152, 35, 13, 3, 120, 212, 119, 141, 71, 100, 166, 122, 176, 197, 238, 91, 91, 83, 107, 9, 3, 93, 88, 44, 245, 93, 5, 9, 99, 221, 96, 0, 234, 134, 228, 148, 239, 127, 63, 234, 38, 71, 34, 227, 228, 99, 17, 175, 147, 179, 15, 246, 4, 35, 202, 6, 194, 75, 42, 215, 152, 127, 12, 41, 122, 218, 4, 212, 233, 133, 145, 198, 11, 247, 128, 240, 200, 157, 181, 50, 207, 156, 239, 44, 149, 38, 190, 247, 140, 227, 103, 135, 73, 30, 105, 74, 235, 241, 100, 195, 139, 110, 11, 204, 152, 7, 186, 65, 234, 11, 248, 77, 143, 221, 80, 6, 32, 220, 245, 20, 188, 168, 117, 94, 248, 15, 225, 171, 44, 180, 57, 186, 43, 108, 95, 205, 67, 130, 213, 27, 233, 112, 103, 60, 230, 32, 198, 107, 247, 24, 186, 24, 125, 32, 96, 5, 245, 71, 15, 79, 28, 209, 203, 61, 79, 34, 172, 152, 6, 44, 22, 106, 233, 190, 201, 152, 226, 211, 82, 161, 46, 193, 15]