 NFS_result = 0.8734, 
 NFS_action = [  0   0 112  39  67   0  98  55 174  13 112   0   0  33 195  13  56  85
 201  98 235 245  62  16 174   0 112 139 191 169  83 244 152  16 218   0
  43 205 135 215   0  69 191 162 107 212  83  13  78   8   0   0 166  98
  52 113 113 215   4 158 249  98 157  80  40 132   9 142  32 111  85 143
  53  38 231   0 226 231  28 132   0  97  31  44 185 134 130 123 233  70
   0 149 117  22 131   0 137 192 210 213 132 234 242 199   1 119 191   0
  84  95   0 162  86  63 122 228 247 219 151 114   1 216 248  33 229   0
  55 183 225 163  52  48  79  51  43 143 206 171 145 108  88 188  88 187
 227   0 180 163 175  66 178 108  94  16  86 218 135  65 231   5 225 163
 112  99 186   0  59   2  67  32  29  21 153 199  89 123 210 101  27 241
   0 135  41   7 217   0  77 178  17  51 168  34  53 138 120   9 132  47
 194  55  57 118 156  27 208   0 198 172 140   3   0  22  14  27  40 120
 211 115 238 203 208 119  47  53   0   0 222 190  56  26 191  13 158  63
  64 222 164  58   9 203 186 192 172  84 192   0 216 245  51 221], 
 random_result = 0.8331, 
 random_action = [139, 82, 28, 67, 11, 25, 153, 161, 21, 111, 156, 151, 70, 208, 20, 175, 30, 198, 97, 202, 50, 102, 48, 8, 87, 93, 174, 68, 150, 230, 144, 94, 134, 183, 163, 156, 145, 181, 57, 103, 135, 44, 18, 108, 142, 210, 113, 214, 167, 63, 63, 186, 234, 217, 71, 123, 147, 146, 11, 24, 28, 37, 110, 181, 111, 232, 47, 152, 35, 13, 3, 120, 212, 119, 141, 71, 100, 166, 122, 176, 197, 238, 91, 91, 83, 107, 9, 3, 93, 88, 44, 245, 93, 5, 9, 99, 221, 96, 0, 234, 134, 228, 148, 239, 127, 63, 234, 38, 71, 34, 227, 228, 99, 17, 175, 147, 179, 15, 246, 4, 35, 202, 6, 194, 75, 42, 215, 152, 127, 12, 41, 122, 218, 4, 212, 233, 133, 145, 198, 11, 247, 128, 240, 200, 157, 181, 50, 207, 156, 239, 44, 149, 38, 190, 247, 140, 227, 103, 135, 73, 30, 105, 74, 235, 241, 100, 195, 139, 110, 11, 204, 152, 7, 186, 65, 234, 11, 248, 77, 143, 221, 80, 6, 32, 220, 245, 20, 188, 168, 117, 94, 248, 15, 225, 171, 44, 180, 57, 186, 43, 108, 95, 205, 67, 130, 213, 27, 233, 112, 103, 60, 230, 32, 198, 107, 247, 24, 186, 24, 125, 32, 96, 5, 245, 71, 15, 79, 28, 209, 203, 61, 79, 34, 172, 152, 6, 44, 22, 106, 233, 190, 201, 152, 226, 211, 82, 161, 46, 193, 15]