 NFS_result = 0.8737, 
 NFS_action = [  0  24   3 191 123   0  34 100  18 239  49   0   0 177  13 136 207  36
  80  64  75 242 220 166 183   0 158 236 215 120 133  13 249  42  13   0
 154  77 134 207   0 231  50  14  87 191  77 246  53  45   0 108  91  10
 107  51 248 125   5   5 234 110  48 246 122  34  29 239  71 201  14 146
 162  19  28   0  23  42 211  15   0 228 230 156 114 167 159  18 153 202
   0 187  27  12 170   0 127 192  66 224  63   0 234  30  49 196 182 150
 161  38   0  13  61 211 205 235 160   9  21 103 104 165  52 147  68   0
 209  98 111  96 100  61 131 152 216 247 117  19 193 219  80 131 192  24
  51   0  71 191 105  18 218  60  68 219 145 225  54 172 194 182  57 197
 204 154 188   0 104  67  26 124 205 216 182  45  22 114 243  39 167  75
   0   3 100 234 145  12  33 175 102 172 200 148  85 223  91  16  93 199
  56 193  56 240 155 126 165   0 143  48 122  79   0 108 238 235 243 189
  37 249 230 102 136   5  94 194 113   0 158 237 215 243  48 199  28  67
 112  60  36  57 211  35 172 238 173 117 192   0  19 168 133 123], 
 random_result = 0.8331, 
 random_action = [139, 82, 28, 67, 11, 25, 153, 161, 21, 111, 156, 151, 70, 208, 20, 175, 30, 198, 97, 202, 50, 102, 48, 8, 87, 93, 174, 68, 150, 230, 144, 94, 134, 183, 163, 156, 145, 181, 57, 103, 135, 44, 18, 108, 142, 210, 113, 214, 167, 63, 63, 186, 234, 217, 71, 123, 147, 146, 11, 24, 28, 37, 110, 181, 111, 232, 47, 152, 35, 13, 3, 120, 212, 119, 141, 71, 100, 166, 122, 176, 197, 238, 91, 91, 83, 107, 9, 3, 93, 88, 44, 245, 93, 5, 9, 99, 221, 96, 0, 234, 134, 228, 148, 239, 127, 63, 234, 38, 71, 34, 227, 228, 99, 17, 175, 147, 179, 15, 246, 4, 35, 202, 6, 194, 75, 42, 215, 152, 127, 12, 41, 122, 218, 4, 212, 233, 133, 145, 198, 11, 247, 128, 240, 200, 157, 181, 50, 207, 156, 239, 44, 149, 38, 190, 247, 140, 227, 103, 135, 73, 30, 105, 74, 235, 241, 100, 195, 139, 110, 11, 204, 152, 7, 186, 65, 234, 11, 248, 77, 143, 221, 80, 6, 32, 220, 245, 20, 188, 168, 117, 94, 248, 15, 225, 171, 44, 180, 57, 186, 43, 108, 95, 205, 67, 130, 213, 27, 233, 112, 103, 60, 230, 32, 198, 107, 247, 24, 186, 24, 125, 32, 96, 5, 245, 71, 15, 79, 28, 209, 203, 61, 79, 34, 172, 152, 6, 44, 22, 106, 233, 190, 201, 152, 226, 211, 82, 161, 46, 193, 15]
