 NFS_result = 0.8734, 
 NFS_action = [  0  99 210 166 113   0  55 100 186  13 126   0   0  92 161 217 230  34
 134 112  63   0 182 232  35   0 216  79  93  59  86 172 177 139 194   0
 154  37  20 222   0  69 142  79  37  76 247  39 168 133   0 142 107 132
 102 191 121 113  70  36 117 244 115 122 158 207  84 182  78  22  59 210
  14 224 180   0 221 210  14  34   0  43  76 204  46  76 159 219 141  29
   0 149 244  39 137   0 130 227 133 125 234 242 196 133 100  21  43  64
  29 200   0 175 153 154 123  64 162 230 220 148  61 111  33  62 128 221
  67 237 242  84  50  64  37 101  54 124 138 237   9 222 180 105 242  98
 243 187  87 141 203  71 194  30  84  56  84 130  55 223  16  51  93 180
  50 175 242   0  46  94 172 174   7  45 243  12  89  96 147 163 204  71
   0 227 212 182 162   8 225 132  99 241 112 231 131 225  63 230  95 144
 189  49  84 188 130 210 234   0 249 203   6 149   0 224  94 192 165 249
 137  31 163 223  37 122 232  98  89   0 149 229 202 163 132 236 124 128
  37   1 149   4  82  14 111  79  26  85  80   0   2  64 111 141], 
 random_result = 0.8331, 
 random_action = [139, 82, 28, 67, 11, 25, 153, 161, 21, 111, 156, 151, 70, 208, 20, 175, 30, 198, 97, 202, 50, 102, 48, 8, 87, 93, 174, 68, 150, 230, 144, 94, 134, 183, 163, 156, 145, 181, 57, 103, 135, 44, 18, 108, 142, 210, 113, 214, 167, 63, 63, 186, 234, 217, 71, 123, 147, 146, 11, 24, 28, 37, 110, 181, 111, 232, 47, 152, 35, 13, 3, 120, 212, 119, 141, 71, 100, 166, 122, 176, 197, 238, 91, 91, 83, 107, 9, 3, 93, 88, 44, 245, 93, 5, 9, 99, 221, 96, 0, 234, 134, 228, 148, 239, 127, 63, 234, 38, 71, 34, 227, 228, 99, 17, 175, 147, 179, 15, 246, 4, 35, 202, 6, 194, 75, 42, 215, 152, 127, 12, 41, 122, 218, 4, 212, 233, 133, 145, 198, 11, 247, 128, 240, 200, 157, 181, 50, 207, 156, 239, 44, 149, 38, 190, 247, 140, 227, 103, 135, 73, 30, 105, 74, 235, 241, 100, 195, 139, 110, 11, 204, 152, 7, 186, 65, 234, 11, 248, 77, 143, 221, 80, 6, 32, 220, 245, 20, 188, 168, 117, 94, 248, 15, 225, 171, 44, 180, 57, 186, 43, 108, 95, 205, 67, 130, 213, 27, 233, 112, 103, 60, 230, 32, 198, 107, 247, 24, 186, 24, 125, 32, 96, 5, 245, 71, 15, 79, 28, 209, 203, 61, 79, 34, 172, 152, 6, 44, 22, 106, 233, 190, 201, 152, 226, 211, 82, 161, 46, 193, 15]