 NFS_result = 0.8734, 
 NFS_action = [  0 133 101  40 113   0  50  49  98 148 126 147 215 194  56  26 132  65
 134 174 158 121 183 138 196   0 118  14 105 158  86  61  49 239 115   0
   6  13 217 237   0  14 179  14  87  32 174 210   0  60   0 152 135  62
 199  76 113 221 105 228 123 245 245  35 137  61  97 233 145 178 112 205
  99 175 215   0  19  77 215 235   0  77 145 212 113 124 168 201  23 209
   0 120 160 202 136   0 180  79 247  32 228  21 170 206  70 127 102  55
  51 154   0 161 152 249  24  87  73 244  11  81  20  85 214 245  82  88
 166 130 191  92 150  38  44 177  37 115  78  73 235 237  59  89  84  73
  68   0 211  14  68 128 175 153  17  60   0 115  63 152  93 196 161 150
 142 175  61   0 215  64  10 109 165 115 115  45 220  49  19 208  11 127
   0  44 151 167 216  56  59 181 103  15 211  44  31 113  63  30  17 198
  52  74 101  27 225  84  13   0 110 203  74 192   0  76 243  27 155 151
 184  16   6  50 217 116  93 179 124   0  81 136  15 228  33 208  97 194
  56 131  15  58 186 150  20  16  17  36 175   0  15 178  63 218], 
 random_result = 0.8331, 
 random_action = [139, 82, 28, 67, 11, 25, 153, 161, 21, 111, 156, 151, 70, 208, 20, 175, 30, 198, 97, 202, 50, 102, 48, 8, 87, 93, 174, 68, 150, 230, 144, 94, 134, 183, 163, 156, 145, 181, 57, 103, 135, 44, 18, 108, 142, 210, 113, 214, 167, 63, 63, 186, 234, 217, 71, 123, 147, 146, 11, 24, 28, 37, 110, 181, 111, 232, 47, 152, 35, 13, 3, 120, 212, 119, 141, 71, 100, 166, 122, 176, 197, 238, 91, 91, 83, 107, 9, 3, 93, 88, 44, 245, 93, 5, 9, 99, 221, 96, 0, 234, 134, 228, 148, 239, 127, 63, 234, 38, 71, 34, 227, 228, 99, 17, 175, 147, 179, 15, 246, 4, 35, 202, 6, 194, 75, 42, 215, 152, 127, 12, 41, 122, 218, 4, 212, 233, 133, 145, 198, 11, 247, 128, 240, 200, 157, 181, 50, 207, 156, 239, 44, 149, 38, 190, 247, 140, 227, 103, 135, 73, 30, 105, 74, 235, 241, 100, 195, 139, 110, 11, 204, 152, 7, 186, 65, 234, 11, 248, 77, 143, 221, 80, 6, 32, 220, 245, 20, 188, 168, 117, 94, 248, 15, 225, 171, 44, 180, 57, 186, 43, 108, 95, 205, 67, 130, 213, 27, 233, 112, 103, 60, 230, 32, 198, 107, 247, 24, 186, 24, 125, 32, 96, 5, 245, 71, 15, 79, 28, 209, 203, 61, 79, 34, 172, 152, 6, 44, 22, 106, 233, 190, 201, 152, 226, 211, 82, 161, 46, 193, 15]