 NFS_result = 0.8734, 
 NFS_action = [  0 249   3 157 191   0  50  72  13  62 126 114  83 100 140 172 105  35
   0 247 218 179 233  34  31   0  67 210 228 158  82 137 183 145 112   0
  48  33 163 113   0  51 182 224   7  78  42  92 161 170   0 233  15  94
 152 106 188 177 205 161  30  40  12 194  28 112 142 145 218 122 130 247
  29  95  54 120 161 224 184  15   0 243 114 135  20  53 241  35  30 244
   0  34 240 232 144  18  24  41  91  14 241 176 104  80 217  73 193  80
 160  70   0  65 171  15 147  15  24 152 237 206 120 209  61 178  25 189
 117 213 199  33  78 194 182 135 137  94 138 167 188 156 109 153 242  29
  67   0 128  69 243 142 219  85 122 143  45  61 218 187 158 181 167 142
 175 164  26   0 113  12   5 245 109 242 115 239 107 148 115 148  29  84
   0 149  43 209 182 249  31  30 205 236  40 174  10 111 148 180 220 120
 234  97 163  50   1  19 108   0 185 136 215  94   0  45  94  90  70 185
 240 223  16 143  81  85 153 101  97   0  74  93 107 117 235 158  46 107
 177  21 165  32 216 141 119  15 170  84  18   0 219 119 204 177], 
 random_result = 0.8331, 
 random_action = [139, 82, 28, 67, 11, 25, 153, 161, 21, 111, 156, 151, 70, 208, 20, 175, 30, 198, 97, 202, 50, 102, 48, 8, 87, 93, 174, 68, 150, 230, 144, 94, 134, 183, 163, 156, 145, 181, 57, 103, 135, 44, 18, 108, 142, 210, 113, 214, 167, 63, 63, 186, 234, 217, 71, 123, 147, 146, 11, 24, 28, 37, 110, 181, 111, 232, 47, 152, 35, 13, 3, 120, 212, 119, 141, 71, 100, 166, 122, 176, 197, 238, 91, 91, 83, 107, 9, 3, 93, 88, 44, 245, 93, 5, 9, 99, 221, 96, 0, 234, 134, 228, 148, 239, 127, 63, 234, 38, 71, 34, 227, 228, 99, 17, 175, 147, 179, 15, 246, 4, 35, 202, 6, 194, 75, 42, 215, 152, 127, 12, 41, 122, 218, 4, 212, 233, 133, 145, 198, 11, 247, 128, 240, 200, 157, 181, 50, 207, 156, 239, 44, 149, 38, 190, 247, 140, 227, 103, 135, 73, 30, 105, 74, 235, 241, 100, 195, 139, 110, 11, 204, 152, 7, 186, 65, 234, 11, 248, 77, 143, 221, 80, 6, 32, 220, 245, 20, 188, 168, 117, 94, 248, 15, 225, 171, 44, 180, 57, 186, 43, 108, 95, 205, 67, 130, 213, 27, 233, 112, 103, 60, 230, 32, 198, 107, 247, 24, 186, 24, 125, 32, 96, 5, 245, 71, 15, 79, 28, 209, 203, 61, 79, 34, 172, 152, 6, 44, 22, 106, 233, 190, 201, 152, 226, 211, 82, 161, 46, 193, 15]